109 109 109 109 109 109 109 109 109 109 109 109 109 109 109 109
109 109 109 109 109 109 109 109 109 109 109 109 109 109 109 109
109 252 252 252 252 252 252 252 252 252 252 252 252 252 252 109
109 252 109 255 255 255 255 255 255 255 255 255 255 109 252 109
109 252 109 255 255 255 109 109 109 255 255 255 255 109 252 109
109 252 109 255 255 109 255 103 109 255 255 255 255 109 252 109
109 252 109 255 109 255 114 109 109 109 255 255 255 109 252 109
109 252 109 255 109 255 255 109 255 109 255 255 255 109 252 109
109 252 109 255 255 109 255 255 109 225 255 255 255 109 252 109
109 252 109 255 255 141 109 109 109 109 255 255 255 109 252 109
109 252 109 255 255 255 255 255 255 109 109 255 255 109 252 109
109 252 109 255 255 255 255 255 255 255 109 109 255 109 252 109
109 252 109 255 255 255 255 255 255 255 255 255 255 109 252 109
109 252 109 109 109 109 109 109 109 109 109 109 109 109 252 109
109 252 252 252 252 252 252 252 252 252 252 252 252 252 252 109
109 109 109 109 109 109 109 109 109 109 109 109 109 109 109 109
102 102 102 102 102 102 102 102 102 102 102 102 102 102 102 102
102 102 102 102 102 102 102 102 102 102 102 102 102 102 102 102
102 203 203 203 203 203 203 203 203 203 203 203 203 203 203 102
102 203 102 255 255 255 255 255 255 255 255 255 255 102 203 102
102 203 102 255 255 255 102 102 102 255 255 255 255 102 203 102
102 203 102 255 255 102 255  96 102 255 255 255 255 102 203 102
102 203 102 255 102 255 107 102 102 102 255 255 255 102 203 102
102 203 102 255 102 255 255 102 255 102 255 255 255 102 203 102
102 203 102 255 255 102 255 255 102 223 255 255 255 102 203 102
102 203 102 255 255 136 102 102 102 102 255 255 255 102 203 102
102 203 102 255 255 255 255 255 255 102 102 255 255 102 203 102
102 203 102 255 255 255 255 255 255 255 102 102 255 102 203 102
102 203 102 255 255 255 255 255 255 255 255 255 255 102 203 102
102 203 102 102 102 102 102 102 102 102 102 102 102 102 203 102
102 203 203 203 203 203 203 203 203 203 203 203 203 203 203 102
102 102 102 102 102 102 102 102 102 102 102 102 102 102 102 102
 18  18  18  18  18  18  18  18  18  18  18  18  18  18  18  18
 18  18  18  18  18  18  18  18  18  18  18  18  18  18  18  18
 18  91  91  91  91  91  91  91  91  91  91  91  91  91  91  18
 18  91  18 255 255 255 255 255 255 255 255 255 255  18  91  18
 18  91  18 255 255 255  18  18  18 255 255 255 255  18  91  18
 18  91  18 255 255  18 255   7  18 255 255 255 255  18  91  18
 18  91  18 255  18 255  27  18  18  18 255 255 255  18  91  18
 18  91  18 255  18 255 255  18 255  18 255 255 255  18  91  18
 18  91  18 255 255  18 255 255  18 206 255 255 255  18  91  18
 18  91  18 255 255  70  18  18  18  18 255 255 255  18  91  18
 18  91  18 255 255 255 255 255 255  18  18 255 255  18  91  18
 18  91  18 255 255 255 255 255 255 255  18  18 255  18  91  18
 18  91  18 255 255 255 255 255 255 255 255 255 255  18  91  18
 18  91  18  18  18  18  18  18  18  18  18  18  18  18  91  18
 18  91  91  91  91  91  91  91  91  91  91  91  91  91  91  18
 18  18  18  18  18  18  18  18  18  18  18  18  18  18  18  18

109 109 109 109 109 109 109 109 109 109 109 109 109 109 109 109
109 109 252 252 252 252 252 252 252 252 252 252 252 252 252 109
109 109 252 109 109 109 109 109 109 109 109 109 109 109 252 109
109 109 252 255 255 255 255 255 255 255 255 255 255 109 252 109
109 109 252 255 255 255 255 255 255 255 255 109 255 109 252 109
109 109 252 255 255 255 255 255 255 255 109 109 255 109 252 109
109 109 252 255 255 255 109 109 225 109 109 255 255 109 252 109
109 109 252 255 109 109 109 255 109 109 255 255 255 109 252 109
109 109 252 255 109 103 109 109 255 109 255 255 255 109 252 109
109 109 252 255 109 255 114 255 255 109 255 255 255 109 252 109
109 109 252 255 255 109 255 255 109 141 255 255 255 109 252 109
109 109 252 255 255 255 109 109 255 255 255 255 255 109 252 109
109 109 252 255 255 255 255 255 255 255 255 255 255 109 252 109
109 109 252 109 109 109 109 109 109 109 109 109 109 109 252 109
109 109 252 252 252 252 252 252 252 252 252 252 252 252 252 109
109 109 109 109 109 109 109 109 109 109 109 109 109 109 109 109
102 102 102 102 102 102 102 102 102 102 102 102 102 102 102 102
102 102 203 203 203 203 203 203 203 203 203 203 203 203 203 102
102 102 203 102 102 102 102 102 102 102 102 102 102 102 203 102
102 102 203 255 255 255 255 255 255 255 255 255 255 102 203 102
102 102 203 255 255 255 255 255 255 255 255 102 255 102 203 102
102 102 203 255 255 255 255 255 255 255 102 102 255 102 203 102
102 102 203 255 255 255 102 102 223 102 102 255 255 102 203 102
102 102 203 255 102 102 102 255 102 102 255 255 255 102 203 102
102 102 203 255 102  96 102 102 255 102 255 255 255 102 203 102
102 102 203 255 102 255 107 255 255 102 255 255 255 102 203 102
102 102 203 255 255 102 255 255 102 136 255 255 255 102 203 102
102 102 203 255 255 255 102 102 255 255 255 255 255 102 203 102
102 102 203 255 255 255 255 255 255 255 255 255 255 102 203 102
102 102 203 102 102 102 102 102 102 102 102 102 102 102 203 102
102 102 203 203 203 203 203 203 203 203 203 203 203 203 203 102
102 102 102 102 102 102 102 102 102 102 102 102 102 102 102 102
 18  18  18  18  18  18  18  18  18  18  18  18  18  18  18  18
 18  18  91  91  91  91  91  91  91  91  91  91  91  91  91  18
 18  18  91  18  18  18  18  18  18  18  18  18  18  18  91  18
 18  18  91 255 255 255 255 255 255 255 255 255 255  18  91  18
 18  18  91 255 255 255 255 255 255 255 255  18 255  18  91  18
 18  18  91 255 255 255 255 255 255 255  18  18 255  18  91  18
 18  18  91 255 255 255  18  18 206  18  18 255 255  18  91  18
 18  18  91 255  18  18  18 255  18  18 255 255 255  18  91  18
 18  18  91 255  18   7  18  18 255  18 255 255 255  18  91  18
 18  18  91 255  18 255  27 255 255  18 255 255 255  18  91  18
 18  18  91 255 255  18 255 255  18  70 255 255 255  18  91  18
 18  18  91 255 255 255  18  18 255 255 255 255 255  18  91  18
 18  18  91 255 255 255 255 255 255 255 255 255 255  18  91  18
 18  18  91  18  18  18  18  18  18  18  18  18  18  18  91  18
 18  18  91  91  91  91  91  91  91  91  91  91  91  91  91  18
 18  18  18  18  18  18  18  18  18  18  18  18  18  18  18  18

109 109 109 109 109 109 109 109 109 109 109 109 109 109 109 109
109 252 252 252 252 252 252 252 252 252 252 252 252 252 252 109
109 252 109 109 109 109 109 109 109 109 109 109 109 109 252 109
109 252 109 255 255 255 255 255 255 255 255 255 255 109 252 109
109 252 109 255 109 109 255 255 255 255 255 255 255 109 252 109
109 252 109 255 255 109 109 255 255 255 255 255 255 109 252 109
109 252 109 255 255 255 109 109 109 109 141 255 255 109 252 109
109 252 109 255 255 255 225 109 255 255 109 255 255 109 252 109
109 252 109 255 255 255 109 255 109 255 255 109 255 109 252 109
109 252 109 255 255 255 109 109 109 114 255 109 255 109 252 109
109 252 109 255 255 255 255 109 103 255 109 255 255 109 252 109
109 252 109 255 255 255 255 109 109 109 255 255 255 109 252 109
109 252 109 255 255 255 255 255 255 255 255 255 255 109 252 109
109 252 252 252 252 252 252 252 252 252 252 252 252 252 252 109
109 109 109 109 109 109 109 109 109 109 109 109 109 109 109 109
109 109 109 109 109 109 109 109 109 109 109 109 109 109 109 109
102 102 102 102 102 102 102 102 102 102 102 102 102 102 102 102
102 203 203 203 203 203 203 203 203 203 203 203 203 203 203 102
102 203 102 102 102 102 102 102 102 102 102 102 102 102 203 102
102 203 102 255 255 255 255 255 255 255 255 255 255 102 203 102
102 203 102 255 102 102 255 255 255 255 255 255 255 102 203 102
102 203 102 255 255 102 102 255 255 255 255 255 255 102 203 102
102 203 102 255 255 255 102 102 102 102 136 255 255 102 203 102
102 203 102 255 255 255 223 102 255 255 102 255 255 102 203 102
102 203 102 255 255 255 102 255 102 255 255 102 255 102 203 102
102 203 102 255 255 255 102 102 102 107 255 102 255 102 203 102
102 203 102 255 255 255 255 102  96 255 102 255 255 102 203 102
102 203 102 255 255 255 255 102 102 102 255 255 255 102 203 102
102 203 102 255 255 255 255 255 255 255 255 255 255 102 203 102
102 203 203 203 203 203 203 203 203 203 203 203 203 203 203 102
102 102 102 102 102 102 102 102 102 102 102 102 102 102 102 102
102 102 102 102 102 102 102 102 102 102 102 102 102 102 102 102
 18  18  18  18  18  18  18  18  18  18  18  18  18  18  18  18
 18  91  91  91  91  91  91  91  91  91  91  91  91  91  91  18
 18  91  18  18  18  18  18  18  18  18  18  18  18  18  91  18
 18  91  18 255 255 255 255 255 255 255 255 255 255  18  91  18
 18  91  18 255  18  18 255 255 255 255 255 255 255  18  91  18
 18  91  18 255 255  18  18 255 255 255 255 255 255  18  91  18
 18  91  18 255 255 255  18  18  18  18  70 255 255  18  91  18
 18  91  18 255 255 255 206  18 255 255  18 255 255  18  91  18
 18  91  18 255 255 255  18 255  18 255 255  18 255  18  91  18
 18  91  18 255 255 255  18  18  18  27 255  18 255  18  91  18
 18  91  18 255 255 255 255  18   7 255  18 255 255  18  91  18
 18  91  18 255 255 255 255  18  18  18 255 255 255  18  91  18
 18  91  18 255 255 255 255 255 255 255 255 255 255  18  91  18
 18  91  91  91  91  91  91  91  91  91  91  91  91  91  91  18
 18  18  18  18  18  18  18  18  18  18  18  18  18  18  18  18
 18  18  18  18  18  18  18  18  18  18  18  18  18  18  18  18

109 109 109 109 109 109 109 109 109 109 109 109 109 109 109 109
109 252 252 252 252 252 252 252 252 252 252 252 252 252 109 109
109 252 109 109 109 109 109 109 109 109 109 109 109 252 109 109
109 252 109 255 255 255 255 255 255 255 255 255 255 252 109 109
109 252 109 255 255 255 255 255 109 109 255 255 255 252 109 109
109 252 109 255 255 255 141 109 255 255 109 255 255 252 109 109
109 252 109 255 255 255 109 255 255 114 255 109 255 252 109 109
109 252 109 255 255 255 109 255 109 109 103 109 255 252 109 109
109 252 109 255 255 255 109 109 255 109 109 109 255 252 109 109
109 252 109 255 255 109 109 225 109 109 255 255 255 252 109 109
109 252 109 255 109 109 255 255 255 255 255 255 255 252 109 109
109 252 109 255 109 255 255 255 255 255 255 255 255 252 109 109
109 252 109 255 255 255 255 255 255 255 255 255 255 252 109 109
109 252 109 109 109 109 109 109 109 109 109 109 109 252 109 109
109 252 252 252 252 252 252 252 252 252 252 252 252 252 109 109
109 109 109 109 109 109 109 109 109 109 109 109 109 109 109 109
102 102 102 102 102 102 102 102 102 102 102 102 102 102 102 102
102 203 203 203 203 203 203 203 203 203 203 203 203 203 102 102
102 203 102 102 102 102 102 102 102 102 102 102 102 203 102 102
102 203 102 255 255 255 255 255 255 255 255 255 255 203 102 102
102 203 102 255 255 255 255 255 102 102 255 255 255 203 102 102
102 203 102 255 255 255 136 102 255 255 102 255 255 203 102 102
102 203 102 255 255 255 102 255 255 107 255 102 255 203 102 102
102 203 102 255 255 255 102 255 102 102  96 102 255 203 102 102
102 203 102 255 255 255 102 102 255 102 102 102 255 203 102 102
102 203 102 255 255 102 102 223 102 102 255 255 255 203 102 102
102 203 102 255 102 102 255 255 255 255 255 255 255 203 102 102
102 203 102 255 102 255 255 255 255 255 255 255 255 203 102 102
102 203 102 255 255 255 255 255 255 255 255 255 255 203 102 102
102 203 102 102 102 102 102 102 102 102 102 102 102 203 102 102
102 203 203 203 203 203 203 203 203 203 203 203 203 203 102 102
102 102 102 102 102 102 102 102 102 102 102 102 102 102 102 102
 18  18  18  18  18  18  18  18  18  18  18  18  18  18  18  18
 18  91  91  91  91  91  91  91  91  91  91  91  91  91  18  18
 18  91  18  18  18  18  18  18  18  18  18  18  18  91  18  18
 18  91  18 255 255 255 255 255 255 255 255 255 255  91  18  18
 18  91  18 255 255 255 255 255  18  18 255 255 255  91  18  18
 18  91  18 255 255 255  70  18 255 255  18 255 255  91  18  18
 18  91  18 255 255 255  18 255 255  27 255  18 255  91  18  18
 18  91  18 255 255 255  18 255  18  18   7  18 255  91  18  18
 18  91  18 255 255 255  18  18 255  18  18  18 255  91  18  18
 18  91  18 255 255  18  18 206  18  18 255 255 255  91  18  18
 18  91  18 255  18  18 255 255 255 255 255 255 255  91  18  18
 18  91  18 255  18 255 255 255 255 255 255 255 255  91  18  18
 18  91  18 255 255 255 255 255 255 255 255 255 255  91  18  18
 18  91  18  18  18  18  18  18  18  18  18  18  18  91  18  18
 18  91  91  91  91  91  91  91  91  91  91  91  91  91  18  18
 18  18  18  18  18  18  18  18  18  18  18  18  18  18  18  18
